0 0.763542 0.429630 0.092708 0.233333
2 0.605469 0.677778 0.020313 0.066667
2 0.704167 0.246296 0.020833 0.074074
2 0.676042 0.834259 0.020833 0.070370
2 0.562240 0.286574 0.029687 0.073148
2 0.633594 0.942593 0.027604 0.077778
2 0.526042 0.179630 0.022917 0.070370
2 0.484115 0.267130 0.023438 0.075000
2 0.567708 0.353241 0.041667 0.063889
2 0.442708 0.072222 0.036458 0.055556
2 0.361198 0.248148 0.038021 0.057407
2 0.452344 0.720370 0.045312 0.075926
2 0.471875 0.883333 0.046875 0.066667
2 0.343490 0.850926 0.044271 0.064815
2 0.796354 0.329167 0.039583 0.052778
2 0.807292 0.409722 0.036458 0.060185
2 0.713021 0.522222 0.044792 0.070370
2 0.790104 0.132870 0.037500 0.056481
2 0.804167 0.195833 0.042708 0.067593
