0 0.269010 0.306019 0.076563 0.228704
2 0.766667 0.658796 0.026042 0.089815
2 0.389062 0.362037 0.020833 0.066667
2 0.089844 0.143056 0.020313 0.073148
2 0.316667 0.118056 0.020833 0.065741
2 0.056771 0.835648 0.028125 0.086111
2 0.147917 0.410648 0.019792 0.071296
2 0.238021 0.886111 0.020833 0.072222
2 0.432031 0.631019 0.044271 0.056481
2 0.766406 0.082870 0.041146 0.062037
2 0.902865 0.082870 0.040104 0.060185
2 0.105990 0.397685 0.033854 0.025000
2 0.045573 0.990741 0.034896 0.018519
2 0.987240 0.454630 0.024479 0.059259
