0 0.736719 0.469907 0.101562 0.241667
0 0.059115 0.270833 0.090104 0.226852
0 0.390365 0.227315 0.096354 0.236111
0 0.193490 0.218056 0.085938 0.225000
0 0.620313 0.063426 0.064583 0.126852
2 0.519792 0.697222 0.029167 0.075926
2 0.399740 0.380556 0.035937 0.066667
2 0.616667 0.285648 0.036458 0.050926
2 0.649219 0.212037 0.035937 0.055556
2 0.713542 0.303241 0.038542 0.054630
2 0.092188 0.145833 0.033333 0.041667
0 0.024479 0.125463 0.048958 0.141667
2 0.008073 0.243056 0.022396 0.049074
2 0.670312 0.879167 0.038542 0.067593
2 0.633594 0.928241 0.029687 0.047222
