0 0.788542 0.636111 0.083333 0.240741
2 0.340365 0.675000 0.022396 0.081481
2 0.429948 0.705093 0.021354 0.073148
2 0.315365 0.829167 0.020313 0.076852
2 0.685417 0.956019 0.021875 0.075000
2 0.497917 0.956019 0.020833 0.073148
2 0.766667 0.835185 0.027083 0.081481
2 0.352865 0.365741 0.025521 0.064815
2 0.599740 0.465278 0.042188 0.067593
2 0.439063 0.294907 0.046875 0.054630
2 0.403125 0.243056 0.043750 0.056481
2 0.213281 0.641204 0.043229 0.065741
2 0.212240 0.699537 0.041146 0.067593
2 0.271615 0.698611 0.046354 0.067593
2 0.202344 0.843981 0.029687 0.060185
2 0.240365 0.884259 0.041146 0.066667
2 0.269271 0.880556 0.045833 0.074074
2 0.415625 0.884259 0.046875 0.062963
2 0.572396 0.987037 0.043750 0.029630
2 0.932292 0.820833 0.047917 0.062037
2 0.894531 0.697685 0.036979 0.069444
2 0.910937 0.948611 0.042708 0.069444
2 0.940885 0.954630 0.034896 0.074074
2 0.863021 0.823611 0.037500 0.078704
2 0.882812 0.815741 0.038542 0.070370
